Nc = 96 Nr = 48 nc = 4 nr = 8 expected of d_min = 11
Set of crossover probabilites
0.010417	0.020833	0.031250	0.041667	0.052083	


Cross over : 0.010417	 Seed : 1792 
Hamming weight
Num_of_Success
Num_of_Iteration
1	2	3	4	5	6	7	8	
10000	9981	9897	9676	9015	7342	4773	2562	
11398	16943	24757	37254	52095	57409	44727	25161	

Cross over : 0.010417	 Seed : 19037 
Hamming weight
Num_of_Success
Num_of_Iteration
1	2	3	4	5	6	7	8	
10000	9978	9884	9665	9003	7294	4702	2539	
12045	17139	25418	37247	52514	58389	44220	24481	

Cross over : 0.010417	 Seed : 25918 
Hamming weight
Num_of_Success
Num_of_Iteration
1	2	3	4	5	6	7	8	
10000	9980	9891	9684	8966	7348	4725	2551	
12110	17253	25328	37863	53299	58719	43966	25201	

Cross over : 0.010417	 Seed : 17356 
Hamming weight
Num_of_Success
Num_of_Iteration
1	2	3	4	5	6	7	8	
10000	9985	9932	9657	8998	7425	4763	2542	
11366	16669	24886	37198	51778	58410	44153	24405	

Cross over : 0.010417	 Seed : 8500 
Hamming weight
Num_of_Success
Num_of_Iteration
1	2	3	4	5	6	7	8	
10000	9981	9924	9714	9105	7568	4965	2599	
11129	16060	23969	35787	51190	59208	46557	24835	

Cross over : 0.010417	 Seed : 9443 
Hamming weight
Num_of_Success
Num_of_Iteration
1	2	3	4	5	6	7	8	
10000	9970	9876	9647	8923	7299	4706	2548	
12452	17666	26173	38715	54113	58476	44682	25081	

Cross over : 0.010417	 Seed : 16017 
Hamming weight
Num_of_Success
Num_of_Iteration
1	2	3	4	5	6	7	8	
10000	9978	9873	9669	8972	7390	4791	2573	
11687	17017	25144	37851	52343	58688	45370	24829	

Cross over : 0.010417	 Seed : 22481 
Hamming weight
Num_of_Success
Num_of_Iteration
1	2	3	4	5	6	7	8	
10000	9982	9922	9748	9179	7540	4831	2608	
10694	16188	24124	36337	51806	58968	44563	25512	

Cross over : 0.010417	 Seed : 65 
Hamming weight
Num_of_Success
Num_of_Iteration
1	2	3	4	5	6	7	8	
10000	9991	9911	9683	8989	7296	4698	2514	
11059	16283	24607	36686	51358	57595	43714	24175	

Cross over : 0.010417	 Seed : 26686 
Hamming weight
Num_of_Success
Num_of_Iteration
1	2	3	4	5	6	7	8	
10000	9989	9910	9700	9170	7494	4857	2556	
11153	16303	23558	35501	51143	57753	44889	24203	

Cross over : 0.010417	 Seed : 21182 
Hamming weight
Num_of_Success
Num_of_Iteration
1	2	3	4	5	6	7	8	
10000	9983	9925	9710	9127	7422	4839	2538	
11239	16616	24135	36740	52198	57918	44986	24248	

Cross over : 0.010417	 Seed : 15611 
Hamming weight
Num_of_Success
Num_of_Iteration
1	2	3	4	5	6	7	8	
9800	9606	9311	8952	8166	6589	4284	2310	
11249	15943	22863	33373	45823	50964	39261	21735	

Cross over : 0.010417	 Seed : 1685 
Hamming weight
Num_of_Success
Num_of_Iteration
1	2	3	4	5	6	7	8	
10000	9991	9928	9697	9055	7489	4794	2561	
11053	16292	23834	36461	52127	58867	43736	24870	

Cross over : 0.010417	 Seed : 9118 
Hamming weight
Num_of_Success
Num_of_Iteration
1	2	3	4	5	6	7	8	
10000	9982	9897	9703	9043	7422	4817	2647	
11731	16952	24913	37157	52552	58897	45272	25693	

Cross over : 0.010417	 Seed : 15593 
Hamming weight
Num_of_Success
Num_of_Iteration
1	2	3	4	5	6	7	8	
10000	9987	9944	9714	9097	7437	4856	2386	
10986	16089	24238	36253	51351	58377	45243	23331	

Cross over : 0.010417	 Seed : 19003 
Hamming weight
Num_of_Success
Num_of_Iteration
1	2	3	4	5	6	7	8	
10000	9950	9806	9538	8809	7087	4654	2488	
12475	18547	27162	39327	53785	56722	44245	24356	

Cross over : 0.010417	 Seed : 29504 
Hamming weight
Num_of_Success
Num_of_Iteration
1	2	3	4	5	6	7	8	
10000	9969	9907	9718	9072	7419	4878	2555	
10976	16101	24217	36025	50497	57949	45569	24553	

Cross over : 0.010417	 Seed : 15080 
Hamming weight
Num_of_Success
Num_of_Iteration
1	2	3	4	5	6	7	8	
10000	9986	9903	9702	9060	7342	4790	2506	
11607	16696	24668	36832	51863	57115	45033	23773	

Cross over : 0.010417	 Seed : 21056 
Hamming weight
Num_of_Success
Num_of_Iteration
1	2	3	4	5	6	7	8	
9795	9551	9314	8959	8288	6765	4324	2387	
10804	15825	22648	33706	46365	52691	39585	22594	

Cross over : 0.010417	 Seed : 5767 
Hamming weight
Num_of_Success
Num_of_Iteration
1	2	3	4	5	6	7	8	
10000	9980	9955	9774	9147	7585	4886	2670	
10816	15688	23447	35378	50979	57818	45273	25468	


Cross over : 0.020833	 Seed : 7840 
Hamming weight
Num_of_Success
Num_of_Iteration
1	2	3	4	5	6	7	8	
10000	9976	9917	9681	9080	7577	5222	2716	
10000	13535	21598	33602	47256	54282	46037	25036	

Cross over : 0.020833	 Seed : 11 
Hamming weight
Num_of_Success
Num_of_Iteration
1	2	3	4	5	6	7	8	
10000	9978	9933	9767	9197	7768	5284	2809	
10000	13144	20418	32354	45800	54971	45695	25270	

Cross over : 0.020833	 Seed : 14091 
Hamming weight
Num_of_Success
Num_of_Iteration
1	2	3	4	5	6	7	8	
10000	9979	9907	9701	9101	7707	5270	2867	
10000	13544	21736	33944	47637	56360	46575	26876	

Cross over : 0.020833	 Seed : 7767 
Hamming weight
Num_of_Success
Num_of_Iteration
1	2	3	4	5	6	7	8	
10000	9989	9939	9777	9268	7775	5304	2853	
10000	13109	20295	31908	46319	54651	46090	25804	

Cross over : 0.020833	 Seed : 19274 
Hamming weight
Num_of_Success
Num_of_Iteration
1	2	3	4	5	6	7	8	
10000	9987	9936	9749	9206	7773	5227	2770	
10000	13095	20559	32692	46302	54675	45342	25368	

Cross over : 0.020833	 Seed : 16347 
Hamming weight
Num_of_Success
Num_of_Iteration
1	2	3	4	5	6	7	8	
9815	9581	9380	8951	8295	6847	4591	2495	
9815	12753	19150	29405	41724	47401	39415	22467	

Cross over : 0.020833	 Seed : 10813 
Hamming weight
Num_of_Success
Num_of_Iteration
1	2	3	4	5	6	7	8	
10000	9994	9960	9798	9229	7952	5363	2856	
10000	13130	20421	32454	46269	55753	45896	26108	

Cross over : 0.020833	 Seed : 12260 
Hamming weight
Num_of_Success
Num_of_Iteration
1	2	3	4	5	6	7	8	
10000	9994	9931	9725	9199	7832	5358	2833	
10000	13597	20980	31848	45863	55006	46669	25640	

Cross over : 0.020833	 Seed : 25441 
Hamming weight
Num_of_Success
Num_of_Iteration
1	2	3	4	5	6	7	8	
10000	9995	9957	9796	9226	7853	5379	2909	
10000	13091	20268	32494	46414	55318	47220	25886	

Cross over : 0.020833	 Seed : 17540 
Hamming weight
Num_of_Success
Num_of_Iteration
1	2	3	4	5	6	7	8	
10000	9989	9951	9786	9168	7820	5390	2866	
10000	13120	20210	31687	45553	54247	47116	26090	

Cross over : 0.020833	 Seed : 2590 
Hamming weight
Num_of_Success
Num_of_Iteration
1	2	3	4	5	6	7	8	
10000	9982	9941	9773	9219	7913	5273	2911	
10000	13189	20407	31891	46151	54838	45722	26454	

Cross over : 0.020833	 Seed : 15844 
Hamming weight
Num_of_Success
Num_of_Iteration
1	2	3	4	5	6	7	8	
10000	9978	9922	9704	9165	7743	5254	2785	
10000	13769	21607	33645	48195	55450	46836	25888	

Cross over : 0.020833	 Seed : 28252 
Hamming weight
Num_of_Success
Num_of_Iteration
1	2	3	4	5	6	7	8	
10000	9989	9905	9778	9197	7732	5305	2769	
10000	13444	21196	33510	47869	54912	46825	25460	

Cross over : 0.020833	 Seed : 21814 
Hamming weight
Num_of_Success
Num_of_Iteration
1	2	3	4	5	6	7	8	
10000	9982	9925	9740	9190	7774	5320	2797	
10000	13374	20683	31995	46880	54652	46245	24843	

Cross over : 0.020833	 Seed : 1010 
Hamming weight
Num_of_Success
Num_of_Iteration
1	2	3	4	5	6	7	8	
10000	9986	9945	9772	9179	7759	5382	2941	
10000	13361	20970	32983	46892	55290	47204	27062	

Cross over : 0.020833	 Seed : 3196 
Hamming weight
Num_of_Success
Num_of_Iteration
1	2	3	4	5	6	7	8	
10000	9985	9943	9778	9260	7916	5546	2907	
10000	13232	20461	32317	46815	55376	47722	26559	

Cross over : 0.020833	 Seed : 11695 
Hamming weight
Num_of_Success
Num_of_Iteration
1	2	3	4	5	6	7	8	
10000	9977	9926	9774	9218	7745	5248	2823	
10000	13414	21027	32838	46797	54929	45397	25861	

Cross over : 0.020833	 Seed : 15630 
Hamming weight
Num_of_Success
Num_of_Iteration
1	2	3	4	5	6	7	8	
10000	9979	9936	9754	9173	7793	5338	2712	
10000	13374	20777	32734	46951	55393	46446	24807	

Cross over : 0.020833	 Seed : 1609 
Hamming weight
Num_of_Success
Num_of_Iteration
1	2	3	4	5	6	7	8	
10000	9986	9943	9720	9188	7738	5312	2867	
10000	13364	21300	32583	47173	54444	46422	25944	

Cross over : 0.020833	 Seed : 9422 
Hamming weight
Num_of_Success
Num_of_Iteration
1	2	3	4	5	6	7	8	
10000	9998	9967	9813	9290	7953	5365	2869	
10000	12970	19191	29890	44441	54584	45370	25394	


Cross over : 0.031250	 Seed : 13428 
Hamming weight
Num_of_Success
Num_of_Iteration
1	2	3	4	5	6	7	8	
10000	9976	9909	9718	9203	7816	5451	2989	
10000	13668	21253	32204	44157	52956	45576	26562	

Cross over : 0.031250	 Seed : 12145 
Hamming weight
Num_of_Success
Num_of_Iteration
1	2	3	4	5	6	7	8	
10000	9975	9918	9714	9153	7909	5430	2858	
10000	13616	21523	32137	44369	52648	45098	25130	

Cross over : 0.031250	 Seed : 8655 
Hamming weight
Num_of_Success
Num_of_Iteration
1	2	3	4	5	6	7	8	
9815	9574	9383	9057	8400	7194	5002	2717	
9815	12551	18678	27702	38508	46225	40036	23272	

Cross over : 0.031250	 Seed : 27794 
Hamming weight
Num_of_Success
Num_of_Iteration
1	2	3	4	5	6	7	8	
10000	9984	9939	9775	9257	7979	5547	2961	
10000	13327	20557	31053	44131	52318	46041	25119	

Cross over : 0.031250	 Seed : 21922 
Hamming weight
Num_of_Success
Num_of_Iteration
1	2	3	4	5	6	7	8	
10000	9974	9938	9732	9241	7958	5516	2866	
10000	13294	20715	31566	43708	52274	45779	25054	

Cross over : 0.031250	 Seed : 28172 
Hamming weight
Num_of_Success
Num_of_Iteration
1	2	3	4	5	6	7	8	
10000	9992	9943	9790	9328	8020	5543	2972	
10000	13246	19947	30268	43258	51793	45189	25360	

Cross over : 0.031250	 Seed : 18685 
Hamming weight
Num_of_Success
Num_of_Iteration
1	2	3	4	5	6	7	8	
10000	9987	9942	9812	9318	7977	5641	2976	
10000	13297	19867	30483	43785	51993	45448	25350	

Cross over : 0.031250	 Seed : 18704 
Hamming weight
Num_of_Success
Num_of_Iteration
1	2	3	4	5	6	7	8	
10000	9985	9942	9790	9283	8035	5578	3004	
10000	13542	20580	31349	44256	51782	45578	26228	

Cross over : 0.031250	 Seed : 18628 
Hamming weight
Num_of_Success
Num_of_Iteration
1	2	3	4	5	6	7	8	
10000	9997	9968	9826	9366	8127	5620	3008	
10000	13234	19916	29911	42311	51833	45286	26211	

Cross over : 0.031250	 Seed : 18932 
Hamming weight
Num_of_Success
Num_of_Iteration
1	2	3	4	5	6	7	8	
10000	9988	9922	9788	9233	7867	5463	2926	
10000	13471	20197	30694	42953	51345	44223	25115	

Cross over : 0.031250	 Seed : 17715 
Hamming weight
Num_of_Success
Num_of_Iteration
1	2	3	4	5	6	7	8	
10000	9995	9970	9818	9390	8053	5573	3026	
10000	13303	20120	30116	43269	52574	44769	26086	

Cross over : 0.031250	 Seed : 5339 
Hamming weight
Num_of_Success
Num_of_Iteration
1	2	3	4	5	6	7	8	
10000	9986	9957	9783	9276	8010	5448	2923	
10000	13129	20021	30287	42895	51642	44337	25449	

Cross over : 0.031250	 Seed : 32439 
Hamming weight
Num_of_Success
Num_of_Iteration
1	2	3	4	5	6	7	8	
10000	9966	9903	9704	9148	7878	5537	2938	
10000	13949	21951	32538	45134	53238	47126	26303	

Cross over : 0.031250	 Seed : 27481 
Hamming weight
Num_of_Success
Num_of_Iteration
1	2	3	4	5	6	7	8	
10000	9963	9912	9765	9244	7947	5500	2869	
10000	13415	20451	30786	43619	52306	45340	24921	

Cross over : 0.031250	 Seed : 31798 
Hamming weight
Num_of_Success
Num_of_Iteration
1	2	3	4	5	6	7	8	
10000	9985	9943	9786	9343	8115	5705	2980	
10000	13207	19895	30182	42831	52648	46846	25215	

Cross over : 0.031250	 Seed : 17973 
Hamming weight
Num_of_Success
Num_of_Iteration
1	2	3	4	5	6	7	8	
10000	9989	9949	9811	9290	8069	5576	3034	
10000	13375	20176	30313	42428	51994	45007	26177	

Cross over : 0.031250	 Seed : 30176 
Hamming weight
Num_of_Success
Num_of_Iteration
1	2	3	4	5	6	7	8	
10000	9979	9929	9789	9305	7975	5604	2933	
10000	13565	20546	30935	43541	51735	45997	25461	

Cross over : 0.031250	 Seed : 2043 
Hamming weight
Num_of_Success
Num_of_Iteration
1	2	3	4	5	6	7	8	
10000	9982	9935	9750	9245	7892	5584	2953	
10000	13824	21509	32425	45125	52894	46248	26292	

Cross over : 0.031250	 Seed : 21482 
Hamming weight
Num_of_Success
Num_of_Iteration
1	2	3	4	5	6	7	8	
9794	9590	9343	9086	8436	7316	5088	2660	
9794	12537	18385	27053	37341	45955	40537	22374	

Cross over : 0.031250	 Seed : 10961 
Hamming weight
Num_of_Success
Num_of_Iteration
1	2	3	4	5	6	7	8	
10000	9989	9945	9805	9325	7995	5544	2884	
10000	13109	20003	30061	42815	51476	45099	24585	


Cross over : 0.041667	 Seed : 18790 
Hamming weight
Num_of_Success
Num_of_Iteration
1	2	3	4	5	6	7	8	
10000	9996	9972	9856	9367	8180	5588	2912	
10000	13056	19015	27458	39320	48392	42802	22756	

Cross over : 0.041667	 Seed : 26907 
Hamming weight
Num_of_Success
Num_of_Iteration
1	2	3	4	5	6	7	8	
10000	9963	9932	9745	9244	8072	5760	3024	
10000	13446	20627	30903	42274	51663	46560	25938	

Cross over : 0.041667	 Seed : 30645 
Hamming weight
Num_of_Success
Num_of_Iteration
1	2	3	4	5	6	7	8	
10000	9999	9966	9810	9349	8257	5720	2920	
10000	13085	19168	28005	39597	49485	43782	23690	

Cross over : 0.041667	 Seed : 27761 
Hamming weight
Num_of_Success
Num_of_Iteration
1	2	3	4	5	6	7	8	
10000	9980	9948	9795	9351	8252	5764	3032	
10000	13326	19240	28351	40280	49640	44608	24430	

Cross over : 0.041667	 Seed : 9982 
Hamming weight
Num_of_Success
Num_of_Iteration
1	2	3	4	5	6	7	8	
10000	9967	9937	9785	9301	8097	5708	2886	
10000	13343	19912	29664	41574	49943	44429	23917	

Cross over : 0.041667	 Seed : 3513 
Hamming weight
Num_of_Success
Num_of_Iteration
1	2	3	4	5	6	7	8	
10000	9959	9912	9720	9202	7953	5552	2882	
10000	13810	21224	32199	42937	51479	44868	24432	

Cross over : 0.041667	 Seed : 5253 
Hamming weight
Num_of_Success
Num_of_Iteration
1	2	3	4	5	6	7	8	
10000	9990	9946	9840	9414	8183	5864	3035	
10000	13478	20048	29615	41100	49998	46500	25443	

Cross over : 0.041667	 Seed : 24160 
Hamming weight
Num_of_Success
Num_of_Iteration
1	2	3	4	5	6	7	8	
10000	9994	9965	9838	9410	8283	5787	2945	
10000	13235	19149	27969	40096	49207	44342	23843	

Cross over : 0.041667	 Seed : 15767 
Hamming weight
Num_of_Success
Num_of_Iteration
1	2	3	4	5	6	7	8	
10000	9988	9961	9811	9361	8125	5576	2990	
10000	13274	19951	29307	40996	50455	44155	24528	

Cross over : 0.041667	 Seed : 4510 
Hamming weight
Num_of_Success
Num_of_Iteration
1	2	3	4	5	6	7	8	
10000	9989	9948	9745	9355	8054	5694	2927	
10000	13185	20042	29731	41899	50441	45596	25173	

Cross over : 0.041667	 Seed : 25408 
Hamming weight
Num_of_Success
Num_of_Iteration
1	2	3	4	5	6	7	8	
10000	9988	9953	9840	9349	8209	5791	3011	
10000	13263	20070	29560	41324	50025	45599	25118	

Cross over : 0.041667	 Seed : 5600 
Hamming weight
Num_of_Success
Num_of_Iteration
1	2	3	4	5	6	7	8	
10000	9990	9948	9826	9381	8155	5724	3029	
10000	13153	19855	29578	40999	50256	45222	25047	

Cross over : 0.041667	 Seed : 10699 
Hamming weight
Num_of_Success
Num_of_Iteration
1	2	3	4	5	6	7	8	
10000	9976	9943	9785	9331	8096	5792	2952	
10000	13480	20508	30578	42072	50702	45673	25522	

Cross over : 0.041667	 Seed : 12716 
Hamming weight
Num_of_Success
Num_of_Iteration
1	2	3	4	5	6	7	8	
10000	9995	9983	9880	9453	8247	5781	2924	
10000	13196	19524	29061	41075	50067	45342	23897	

Cross over : 0.041667	 Seed : 23617 
Hamming weight
Num_of_Success
Num_of_Iteration
1	2	3	4	5	6	7	8	
10000	9988	9980	9839	9425	8224	5786	2919	
10000	13150	19573	28781	40586	50294	45121	23844	

Cross over : 0.041667	 Seed : 24839 
Hamming weight
Num_of_Success
Num_of_Iteration
1	2	3	4	5	6	7	8	
10000	9992	9963	9835	9383	8131	5770	2937	
10000	13270	19939	29191	41141	50152	45437	24194	

Cross over : 0.041667	 Seed : 25123 
Hamming weight
Num_of_Success
Num_of_Iteration
1	2	3	4	5	6	7	8	
10000	9986	9955	9841	9352	8211	5802	2855	
10000	13287	19663	28563	40511	49746	45276	23159	

Cross over : 0.041667	 Seed : 6740 
Hamming weight
Num_of_Success
Num_of_Iteration
1	2	3	4	5	6	7	8	
10000	9994	9960	9821	9319	8074	5727	3053	
10000	13518	20483	30462	41776	50038	45681	25690	

Cross over : 0.041667	 Seed : 6137 
Hamming weight
Num_of_Success
Num_of_Iteration
1	2	3	4	5	6	7	8	
10000	9992	9954	9826	9302	8127	5658	2927	
10000	13184	19866	29006	40994	49384	44557	24743	

Cross over : 0.041667	 Seed : 29246 
Hamming weight
Num_of_Success
Num_of_Iteration
1	2	3	4	5	6	7	8	
10000	9987	9954	9820	9333	8187	5668	3036	
10000	13268	19634	28832	40303	49978	44473	25008	

